001865274 840501.17 1070343.46 3
000690380 840093.20 1070445.35 3
001570001 839170.08 1068700.79 3
001570002 839178.72 1068702.27 3
001770041 839315.26 1068650.12 3
001850002 839350.55 1069674.19 3
001870001 839060.99 1068780.07 3
001870005 839061.39 1068784.49 3
001400010 839323.79 1068730.76 3
001020004 839132.59 1068760.70 3
001110001 838996.66 1069582.76 3
001110006 839001.82 1069574.61 3
001130006 839046.46 1068906.87 3
001160003 839068.57 1069561.39 3
001160004 839051.40 1069531.70 3
001130003 839036.46 1068917.67 3
001190009 839148.16 1068851.10 3
001250002 839527.53 1069655.97 3
001270009 839643.83 1069694.36 3
001310024 838875.89 1068769.69 3
001510001 839176.29 1068725.60 3
001560015 838997.81 1069015.53 3
001560017 838994.48 1069026.82 3
001590004 839617.27 1069701.24 3
001750023 839183.71 1069269.05 3
001750030 839121.27 1069307.10 3
001750034 839078.09 1069329.89 3
001750037 839051.33 1069357.32 3
001690004 838998.77 1068807.42 3
001820001 839047.82 1068481.48 3
001820003 839054.07 1068478.09 3
001820007 839065.68 1068465.57 3
000780098 838416.27 1067731.91 3
000780153 838426.33 1067675.67 3
000780233 838391.97 1068244.07 3
001460008 840426.57 1070334.36 3
001035207 840349.64 1070359.33 3
001035212 840362.38 1070338.75 3
001740017 839495.26 1069628.11 3
001740018 839470.13 1069643.96 3
001580048 839017.26 1068775.24 3
001580050 839033.20 1068800.15 3
002020001 839288.67 1069172.52 3
001920025 839195.74 1069251.49 3
001920028 839234.59 1069225.73 3
001920035 839194.95 1069251.42 3
002100007 839238.02 1069221.69 4
003660367 840516.10 1070341.70 3
003660330 840408.73 1070358.80 3
003603151 840360.29 1070332.47 3
002130003 839339.85 1069688.17 3
002130006 839348.52 1069675.25 3
001810017 839037.95 1068655.21 3
001810019 839041.66 1068673.97 3
001810021 839037.36 1068674.84 3
001810023 839035.81 1068669.27 3
001810032 839040.47 1068689.91 3
001810044 839072.38 1068772.84 3
001810067 839126.07 1068781.61 3
001810079 839176.72 1068735.63 3
001810080 839178.65 1068731.61 3
001810082 839188.19 1068727.42 3
001810088 839213.71 1068747.52 3
001810103 839223.14 1068847.31 3
001810126 839179.98 1068937.62 3
001810128 839180.81 1068937.77 3
001810130 839177.83 1068950.18 3
001810141 839171.25 1068997.25 3
001810144 839168.60 1069011.11 3
001810152 839178.77 1068985.51 3
001810156 839190.65 1068993.06 3
001810160 839182.12 1069023.76 3
001810165 839173.48 1069048.42 3
001810167 839176.22 1069058.86 3
001810172 839210.97 1069102.16 3
001810175 839219.16 1069107.52 3
001810198 839204.89 1069094.97 3
001810220 839184.33 1069020.67 3
001810225 839187.54 1069019.61 3
001810228 839191.39 1068992.96 3
001810229 839188.52 1068987.19 3
001810235 839179.07 1068977.41 3
001810256 839199.48 1068885.22 3
001810267 839234.51 1068798.26 3
001810273 839224.86 1068769.33 3
001810286 839249.25 1068757.23 3
001810319 839172.57 1068729.11 3
001810351 839136.01 1068775.85 3
001810361 839114.53 1068779.11 3
001810378 839054.19 1068747.37 3
001810379 839055.50 1068746.99 3
001810383 839047.62 1068740.18 3
001810389 839041.05 1068689.73 3
001810403 839038.57 1068647.32 3
001810417 839038.25 1068568.59 3
001810005 839029.82 1068540.16 4
001810408 839041.96 1068613.26 4
001810027 839034.85 1068669.92 4
001810101 839230.28 1068819.58 4
001810104 839220.34 1068850.96 4
001810108 839206.43 1068872.95 4
001810138 839171.67 1068978.38 4
001810146 839167.96 1069011.35 4
001810179 839227.14 1069122.70 4
001810185 839227.62 1069123.08 4
001810183 839225.66 1069126.35 4
001810233 839178.20 1068979.90 4
001810419 839030.52 1068541.97 4
001810295 839251.06 1068754.18 3
001810294 839251.02 1068754.78 3
001810430 839123.96 1068765.42 3
001810443 839111.15 1068763.32 3
001810444 839124.58 1068764.88 3
001865272 840431.63 1070401.58 3
001865273 840509.37 1070342.52 3
001865276 840362.68 1070335.38 3
000690387 840259.60 1070423.39 3
001410005 839468.14 1069647.62 3
001550011 839123.23 1068775.00 3
001610002 838975.85 1069043.02 3
001770036 839302.59 1068645.51 3
001850003 839359.52 1069669.77 3
001870002 839063.41 1068782.49 3
001440001 839498.64 1069640.73 3
001440003 839488.26 1069636.62 3
001440004 839487.72 1069635.81 3
001440007 839493.76 1069645.11 3
000690440 840466.22 1070338.66 3
000910001 839026.40 1069545.81 3
000910002 839044.66 1069577.92 3
001110008 838990.19 1069571.37 3
001130007 839038.82 1068913.05 3
001130015 839033.76 1068903.18 3
001190001 839203.20 1068856.12 3
001270015 839622.57 1069678.90 3
001290001 839339.78 1068703.13 3
001290003 839330.41 1068704.17 3
001310023 838870.21 1068772.35 3
001510002 839178.61 1068717.41 3
001560004 838979.17 1069018.67 3
001590002 839627.40 1069690.87 3
000970005 839252.79 1069294.96 3
000970007 839258.96 1069284.46 3
001820008 839059.50 1068465.92 3
000780231 838349.31 1068173.52 3
000780239 838253.32 1068277.52 3
001740012 839422.78 1069638.74 3
000960005 838954.06 1069616.93 3
001340003 839075.39 1069553.22 3
001580049 839034.50 1068802.18 3
001580053 839021.60 1068782.03 3
001580057 839020.38 1068778.27 3
004020050 837773.00 1069153.28 3
001920026 839195.58 1069252.31 3
001380028 839330.39 1069325.56 3
003660368 839997.25 1070460.71 3
001810009 839037.67 1068568.71 3
001810010 839040.35 1068583.46 3
001810011 839041.25 1068591.63 3
001810012 839041.46 1068602.74 3
001810018 839038.44 1068660.76 3
001810022 839036.37 1068670.54 3
001810028 839035.43 1068669.89 3
001810034 839045.64 1068707.13 3
001810053 839095.87 1068788.46 3
001810060 839104.78 1068780.37 3
001810061 839109.97 1068780.00 3
001810064 839122.93 1068777.18 3
001810069 839143.68 1068772.23 3
001810097 839232.83 1068794.38 3
001810119 839190.09 1068902.81 3
001810129 839179.39 1068943.21 3
001810131 839176.51 1068956.65 3
001810132 839173.73 1068967.59 3
001810142 839170.79 1069006.70 3
001810171 839204.37 1069095.43 3
001810174 839219.83 1069102.75 3
001810176 839226.29 1069112.84 3
001810177 839231.61 1069115.98 3
001810186 839227.86 1069122.66 3
001810200 839190.08 1069076.52 3
001810205 839189.65 1069075.97 3
001810221 839184.87 1069019.61 3
001810231 839179.11 1068984.87 3
001810255 839196.80 1068890.38 3
001810259 839210.88 1068866.18 3
001810266 839231.92 1068814.89 3
001810272 839225.30 1068771.72 3
001810304 839222.30 1068762.10 3
001810314 839182.84 1068727.72 3
001810316 839176.14 1068735.45 3
001810336 839170.21 1068732.44 3
001810342 839169.08 1068736.59 3
001810343 839170.67 1068733.13 3
001810359 839122.17 1068776.02 3
001810370 839093.54 1068783.69 3
001810373 839065.14 1068768.05 3
001810377 839050.54 1068748.56 3
001810381 839053.99 1068746.71 3
001810382 839050.26 1068747.92 3
001810386 839046.53 1068714.31 3
001810394 839042.58 1068674.43 3
001810015 839038.83 1068635.48 4
001810366 839096.91 1068787.38 4
001810269 839233.47 1068794.05 4
001810261 839221.06 1068851.16 4
001810107 839206.87 1068872.13 4
001810113 839192.45 1068895.11 4
001810258 839209.20 1068869.29 4
001810327 839181.02 1068700.94 4
001810432 839103.70 1068762.04 3
001810434 839098.62 1068761.42 3
001400382 840109.10 1070444.73 3
001520001 839187.46 1068714.61 3
001610006 838981.21 1069035.14 3
001610007 838974.71 1069036.20 3
001770033 839302.57 1068642.92 3
001850004 839368.17 1069671.65 3
001200004 839193.23 1068459.11 3
001440002 839493.72 1069633.12 3
001440005 839482.21 1069639.37 3
000900006 838993.82 1069598.82 3
001110005 839003.76 1069563.67 3
001130005 839043.68 1068912.33 3
001130010 839052.41 1068914.93 3
001130016 839048.55 1068913.00 3
001160005 839066.22 1069557.34 3
001160101 839044.30 1069577.42 3
001190002 839207.16 1068857.42 3
001190006 839199.95 1068869.68 3
001250006 839521.45 1069659.59 3
001250007 839519.84 1069656.95 3
001270008 839638.55 1069697.21 3
001290005 839329.39 1068697.75 3
001290007 839330.59 1068699.95 3
001290009 839339.08 1068695.12 3
001400009 839323.18 1068735.77 3
001560014 838992.64 1069016.39 3
001560016 838985.14 1069025.99 3
000970001 839257.62 1069281.95 3
001750026 839109.37 1069314.13 3
001750033 839099.71 1069319.00 3
001750042 839108.14 1069289.89 3
001690002 839016.93 1068817.27 3
001820002 839054.27 1068481.03 3
000780237 838325.24 1068317.75 3
001865348 840010.16 1070458.67 3
001865305 840421.14 1070406.37 3
001035206 840349.82 1070343.31 3
000960001 838939.95 1069614.60 3
000960008 838945.64 1069622.84 3
001580037 839035.47 1068801.84 3
001580038 839019.24 1068776.49 3
001580041 839027.02 1068780.13 3
001580043 839019.90 1068775.72 3
001580045 839003.32 1068761.58 3
001580056 839020.87 1068777.49 3
000960004 838945.90 1069623.21 3
001920027 839219.37 1069236.78 3
002100005 839252.89 1069209.35 4
001380025 839338.03 1069323.96 3
001380029 839329.74 1069325.73 3
003660574 840424.62 1070406.37 3
003660575 840394.23 1070406.83 3
003601873 840431.83 1070404.04 3
001810003 839030.47 1068540.62 3
001810014 839040.00 1068627.66 3
001810025 839034.39 1068669.34 3
001810030 839036.85 1068675.29 3
001810036 839045.43 1068728.00 3
001810037 839045.79 1068733.96 3
001810046 839093.14 1068784.15 3
001810075 839177.27 1068736.62 3
001810100 839231.24 1068814.77 3
001810106 839210.28 1068865.82 3
001810135 839172.79 1068968.05 3
001810154 839186.94 1068986.47 3
001810155 839187.94 1068987.59 3
001810164 839174.27 1069040.24 3
001810169 839189.31 1069076.67 3
001810180 839225.47 1069125.66 3
001810188 839241.33 1069123.27 3
001810194 839219.92 1069107.20 3
001810209 839174.25 1069048.85 3
001810212 839175.64 1069048.40 3
001810243 839172.33 1068978.69 3
001810246 839177.19 1068956.81 3
001810249 839181.58 1068937.58 3
001810251 839185.92 1068920.35 3
001810279 839237.41 1068762.10 3
001810280 839237.87 1068762.49 3
001810284 839241.15 1068756.67 3
001810291 839250.64 1068755.56 3
001810296 839250.21 1068754.24 3
001810299 839241.88 1068755.85 3
001810302 839234.43 1068756.70 3
001810312 839193.52 1068728.09 3
001810315 839178.17 1068731.21 3
001810325 839181.88 1068708.61 3
001810326 839182.71 1068701.01 3
001810330 839181.16 1068708.69 3
001810339 839168.32 1068735.64 3
001810348 839158.81 1068760.89 3
001810349 839151.81 1068766.67 3
001810355 839122.97 1068776.29 3
001810364 839104.60 1068779.79 3
001810371 839087.50 1068780.31 3
001810393 839042.13 1068674.55 3
001810397 839042.41 1068673.60 3
001810409 839042.06 1068602.74 3
001810328 839180.94 1068701.63 4
001810400 839039.03 1068660.53 4
001810288 839250.91 1068756.24 3
001810420 839251.82 1068756.56 3
001810421 839252.04 1068753.54 3
001810422 839254.27 1068753.71 3
002190013 839246.66 1069156.54 3
002190014 839251.73 1069153.60 3
002190018 839253.39 1069151.31 3
002190023 839260.35 1069147.18 3
002190010 839246.67 1069157.12 4
001865262 839967.19 1070464.88 3
000690385 840205.09 1070431.17 3
001410002 839502.56 1069623.40 3
001410004 839467.04 1069645.84 3
001520002 839191.97 1068714.72 3
001520004 839192.15 1068706.72 3
001610003 838982.36 1069042.06 3
001440008 839488.29 1069648.68 3
000690394 840349.29 1070356.27 3
000690395 840349.18 1070346.26 3
000690439 840455.92 1070337.51 3
001110009 839006.31 1069568.15 3
001130017 839047.34 1068912.42 3
001170055 839158.25 1069275.40 3
001190003 839208.10 1068853.38 3
001190007 839200.06 1068869.20 3
001230003 839024.38 1069580.86 3
001270011 839642.06 1069691.07 3
001270012 839619.67 1069692.35 3
001270013 839618.12 1069688.73 3
001270016 839616.22 1069677.29 3
001290002 839338.62 1068704.54 3
001290004 839329.28 1068699.88 3
001310022 838844.12 1068771.71 3
001400008 839324.10 1068739.79 3
001500001 839191.71 1069201.53 3
001560003 838980.59 1069026.77 3
001560005 838983.72 1069017.91 3
001690015 838994.33 1068826.99 3
001820014 839032.55 1068463.57 3
000780236 838342.51 1068327.50 3
001035208 840361.32 1070378.08 3
001740015 839480.29 1069604.69 3
000780241 838266.99 1068285.41 3
001580039 839027.67 1068781.70 3
001580040 839028.08 1068781.03 3
001580052 839022.24 1068783.03 3
001580059 839025.20 1068785.80 3
002020005 839280.80 1069169.26 3
001920036 839195.44 1069251.07 3
001920037 839234.56 1069224.60 3
003603001 840419.31 1070406.37 3
003602344 840384.14 1070347.78 3
002130004 839337.09 1069689.51 3
001810008 839035.86 1068561.21 3
001810020 839041.02 1068674.19 3
001810031 839037.98 1068681.46 3
001810055 839095.34 1068789.66 3
001810066 839124.13 1068776.58 3
001810070 839152.15 1068767.17 3
001810074 839176.34 1068736.35 3
001810076 839177.57 1068736.75 3
001810083 839193.34 1068728.67 3
001810089 839216.20 1068749.44 3
001810096 839230.40 1068784.78 3
001810111 839196.18 1068890.04 3
001810143 839170.26 1069009.87 3
001810148 839170.82 1069010.21 3
001810151 839171.43 1068985.06 3
001810153 839179.05 1068985.57 3
001810178 839227.34 1069122.34 3
001810187 839232.13 1069116.27 3
001810193 839226.67 1069112.26 3
001810195 839220.55 1069102.61 3
001810196 839218.68 1069099.37 3
001810206 839180.92 1069064.90 3
001810208 839175.10 1069054.24 3
001810226 839185.14 1069018.96 3
001810252 839187.12 1068915.62 3
001810282 839239.83 1068760.17 3
001810285 839241.86 1068756.65 3
001810300 839241.13 1068755.87 3
001810322 839180.11 1068720.59 3
001810335 839171.97 1068728.73 3
001810338 839168.70 1068735.75 3
001810346 839173.74 1068739.68 3
001810350 839143.38 1068771.71 3
001810363 839109.87 1068779.40 3
001810367 839096.52 1068787.82 3
001810392 839041.20 1068674.87 3
001810395 839042.82 1068674.38 3
001810406 839040.60 1068627.74 3
001810415 839041.81 1068591.18 3
001810416 839040.95 1068583.38 3
001810001 839030.22 1068540.98 4
001810181 839225.31 1069125.60 4
001810239 839177.51 1068979.74 4
001810301 839240.55 1068755.88 4
001810425 839250.86 1068756.91 3
001810426 839251.15 1068753.04 3
001810431 839111.05 1068763.92 3
002190017 839251.96 1069151.93 3
002190021 839259.82 1069147.37 3
002190011 839246.41 1069156.70 4
000690389 840326.74 1070414.70 3
001740010 839373.88 1069662.71 3
001760010 839609.90 1069673.24 3
001770015 839302.58 1068636.43 3
001770038 839302.94 1068650.11 3
001770040 839315.26 1068649.10 3
001095223 840515.46 1070338.03 3
000690390 840341.04 1070408.17 3
000900001 838996.92 1069604.27 3
000910003 839040.98 1069571.44 3
000910004 839039.67 1069569.14 3
001130002 839028.47 1068913.60 3
001130013 839051.46 1068916.84 3
001130014 839045.59 1068908.58 3
001230001 839010.96 1069596.15 3
001230004 839007.67 1069590.39 3
001240019 839178.16 1068543.61 3
001250001 839522.20 1069647.34 3
001250004 839524.48 1069659.55 3
001270010 839638.09 1069696.34 3
001310025 838877.45 1068765.30 3
001400002 839316.19 1068734.93 3
001560002 838985.52 1069028.35 3
001750038 839060.46 1069354.69 3
001820004 839062.19 1068477.57 3
001820012 839044.39 1068469.87 3
001820013 839033.00 1068470.61 3
000780222 838100.18 1068215.39 3
000780240 838219.38 1068262.32 3
000850029 838722.01 1068779.58 3
001740014 839455.40 1069619.96 3
000960006 838953.22 1069618.13 3
001580044 839017.94 1068774.51 3
001580060 839033.64 1068798.98 3
002020003 839281.97 1069165.00 3
002020004 839283.31 1069168.22 3
002020006 839283.04 1069174.80 3
001920030 839238.93 1069222.84 3
001380026 839331.98 1069326.60 3
003660660 840428.84 1070405.70 3
003660525 840107.97 1070444.78 3
003660317 840430.94 1070390.65 3
002130001 839352.21 1069682.72 3
001810002 839030.13 1068540.71 3
001810016 839037.97 1068647.30 3
001810026 839034.41 1068669.94 3
001810035 839045.93 1068714.31 3
001810040 839052.02 1068752.87 3
001810041 839055.63 1068758.88 3
001810050 839095.26 1068787.90 3
001810054 839096.01 1068788.52 3
001810056 839095.86 1068789.96 3
001810062 839113.59 1068779.05 3
001810068 839136.29 1068776.37 3
001810071 839159.23 1068761.31 3
001810072 839166.52 1068752.79 3
001810073 839174.26 1068739.98 3
001810077 839177.90 1068735.98 3
001810081 839183.08 1068728.28 3
001810085 839202.36 1068733.17 3
001810092 839224.18 1068769.51 3
001810095 839226.51 1068774.87 3
001810105 839216.76 1068855.62 3
001810114 839192.19 1068895.01 3
001810120 839186.44 1068915.44 3
001810149 839171.39 1069006.76 3
001810159 839183.71 1069020.37 3
001810168 839180.34 1069065.30 3
001810184 839225.75 1069126.38 3
001810189 839247.46 1069123.03 3
001810191 839241.53 1069122.67 3
001810211 839175.51 1069049.09 3
001810214 839174.21 1069048.13 3
001810219 839182.68 1069024.20 3
001810224 839187.56 1069019.42 3
001810247 839178.51 1068950.32 3
001810248 839180.07 1068943.37 3
001810262 839223.74 1068847.67 3
001810298 839249.11 1068756.42 3
001810303 839229.21 1068759.26 3
001810307 839214.11 1068747.06 3
001810310 839202.84 1068732.75 3
001810311 839198.97 1068730.30 3
001810321 839176.77 1068726.04 3
001810329 839181.93 1068701.67 3
001810332 839182.08 1068717.24 3
001810345 839175.81 1068736.07 3
001810358 839122.08 1068775.78 3
001810372 839072.68 1068772.32 3
001810374 839060.38 1068763.76 3
001810388 839043.80 1068698.88 3
001810402 839038.55 1068655.19 3
001810048 839095.59 1068787.43 4
001810411 839042.40 1068591.59 4
001810414 839042.40 1068590.95 4
001810290 839250.97 1068755.45 3
001810427 839254.71 1068753.29 3
001810354 839124.54 1068775.18 3
001810435 839097.91 1068763.85 3
001810445 839124.23 1068771.69 3
002190022 839260.52 1069147.65 3
000690381 840100.67 1070445.12 3
000690388 840292.39 1070419.12 3
000690435 840508.16 1070341.07 3
001570004 839169.67 1068703.39 3
001770016 839315.61 1068636.40 3
001770037 839302.59 1068650.11 3
001850005 839372.49 1069680.67 3
000900004 838978.63 1069572.11 3
001110004 839007.98 1069571.08 3
001130004 839040.11 1068910.51 3
001130009 839045.65 1068915.05 3
001240020 839180.29 1068553.16 3
001250005 839523.05 1069660.47 3
001250008 839516.70 1069658.79 3
001280013 839211.97 1069170.90 3
001290008 839330.69 1068697.82 3
001290011 839339.97 1068699.34 3
001310021 838846.43 1068793.20 3
001560006 838983.37 1069015.51 3
001560007 838992.25 1069014.03 3
001750021 839163.36 1069282.24 3
001730002 839013.47 1068487.08 3
001820009 839059.27 1068461.85 3
000780230 838313.19 1068100.12 3
001865308 840001.39 1070460.06 3
001740011 839402.11 1069648.87 3
000960002 838954.35 1069617.35 3
000960007 838945.98 1069623.16 3
001580051 839031.70 1068797.81 3
001580055 839023.24 1068778.96 3
000780250 838333.38 1068088.72 3
002020002 839285.06 1069163.77 3
001920024 839219.04 1069236.28 3
001920032 839239.73 1069223.02 3
001920038 839234.06 1069224.93 3
001380024 839338.77 1069321.92 3
001380027 839331.68 1069325.99 3
003660326 840359.95 1070331.86 3
003660329 840380.79 1070346.28 3
003660332 840431.93 1070405.22 3
003660335 840036.92 1070454.44 3
002130002 839340.17 1069688.71 3
001810029 839035.79 1068670.72 3
001810038 839047.04 1068740.34 3
001810047 839095.26 1068786.88 3
001810049 839095.77 1068787.73 3
001810051 839095.25 1068788.62 3
001810052 839095.60 1068788.62 3
001810059 839103.15 1068781.31 3
001810078 839177.57 1068735.85 3
001810099 839233.79 1068798.30 3
001810115 839191.95 1068895.67 3
001810123 839180.99 1068937.09 3
001810134 839172.99 1068967.38 3
001810137 839173.58 1068968.28 3
001810139 839171.63 1068978.57 3
001810150 839171.85 1068997.25 3
001810162 839175.25 1069029.49 3
001810170 839196.27 1069085.28 3
001810173 839218.34 1069100.19 3
001810199 839196.81 1069084.84 3
001810215 839174.97 1069040.30 3
001810218 839177.31 1069028.42 3
001810222 839188.16 1069020.51 3
001810227 839187.22 1069012.86 3
001810230 839187.28 1068985.81 3
001810232 839178.15 1068980.93 3
001810238 839177.66 1068976.72 3
001810254 839193.72 1068895.98 3
001810257 839206.86 1068873.62 3
001810260 839217.34 1068856.02 3
001810270 839231.06 1068784.56 3
001810274 839222.58 1068762.75 3
001810277 839240.19 1068756.69 3
001810283 839240.82 1068756.68 3
001810293 839250.59 1068754.84 3
001810308 839204.98 1068738.27 3
001810318 839170.97 1068732.48 3
001810323 839182.78 1068717.50 3
001810331 839182.11 1068711.52 3
001810333 839179.55 1068720.17 3
001810334 839173.26 1068727.23 3
001810352 839126.39 1068780.77 3
001810356 839122.92 1068775.78 3
001810357 839122.83 1068775.54 3
001810362 839113.75 1068778.39 3
001810396 839042.65 1068673.56 3
001810398 839042.44 1068673.75 3
001810410 839041.85 1068591.81 3
001810413 839042.64 1068590.93 3
001810007 839029.61 1068541.07 4
001810405 839039.46 1068635.32 4
001810098 839233.16 1068795.73 4
001810265 839229.21 1068828.54 4
001810124 839180.55 1068937.01 4
001810133 839173.34 1068967.48 4
001810163 839174.91 1069033.30 4
001810210 839175.22 1069049.04 4
001810264 839226.87 1068840.30 4
001810341 839168.63 1068736.46 4
001810401 839038.98 1068660.04 4
001810429 839123.63 1068771.71 3
002190015 839251.33 1069153.26 3
000690386 840227.76 1070427.46 3
001190004 839151.79 1068840.04 3
001520003 839187.65 1068706.61 3
001770017 839315.61 1068650.12 3
001770035 839300.74 1068645.51 3
001780011 839149.04 1068845.91 3
001440006 839493.21 1069644.27 3
001110002 839001.79 1069579.84 3
001110010 839007.62 1069567.41 3
001110011 839005.02 1069565.88 3
001110012 839006.32 1069565.14 3
001130008 839042.38 1068914.87 3
001130011 839048.60 1068916.53 3
001130012 839049.05 1068915.64 3
001170028 838877.66 1069226.59 3
001190005 839146.61 1068851.12 3
001190010 839146.83 1068850.64 3
001250003 839524.54 1069657.79 3
001250009 839513.22 1069652.89 3
001270014 839623.93 1069687.13 3
001280014 839211.13 1069172.20 3
001290006 839330.82 1068694.69 3
001290010 839338.86 1068699.29 3
001290012 839338.68 1068703.08 3
001350001 839291.27 1068658.76 3
001360003 839181.19 1068708.90 3
001400001 839316.81 1068729.92 3
001400004 839313.12 1068738.75 3
000970004 839261.88 1069289.91 3
001750041 839133.35 1069258.38 3
001820011 839044.54 1068472.23 3
000780232 838383.07 1068223.90 3
000850030 838690.65 1068798.79 3
001865349 839990.69 1070461.62 3
001740013 839430.09 1069634.53 3
001740019 839445.39 1069661.29 3
000960003 838948.42 1069608.74 3
001580046 839000.16 1068758.36 3
004020167 837857.15 1069293.78 3
001920020 839239.11 1069221.95 4
001920029 839235.16 1069226.07 3
002100006 839259.66 1069205.06 4
003660522 840431.46 1070399.55 3
003602499 840377.66 1070344.39 3
002130005 839333.67 1069682.52 3
001810039 839049.81 1068748.46 3
001810042 839059.94 1068764.18 3
001810057 839096.71 1068788.50 3
001810063 839114.37 1068779.79 3
001810065 839124.09 1068776.35 3
001810084 839198.69 1068730.84 3
001810102 839226.07 1068840.71 3
001810118 839192.94 1068896.03 3
001810121 839185.24 1068920.19 3
001810122 839183.57 1068927.48 3
001810125 839180.11 1068936.93 3
001810140 839170.77 1068984.64 3
001810147 839168.58 1069011.89 3
001810157 839186.54 1069012.68 3
001810192 839232.24 1069115.54 3
001810197 839211.19 1069101.38 3
001810245 839174.32 1068968.11 3
001810253 839190.75 1068903.05 3
001810268 839233.51 1068794.22 3
001810271 839227.13 1068774.55 3
001810275 839229.49 1068759.90 3
001810276 839234.63 1068757.38 3
001810278 839239.29 1068759.89 3
001810292 839250.03 1068755.93 3
001810309 839204.06 1068735.46 3
001810320 839173.72 1068727.77 3
001810344 839171.25 1068733.56 3
001810347 839166.04 1068752.43 3
001810353 839124.71 1068776.42 3
001810375 839056.13 1068758.54 3
001810376 839052.54 1068752.59 3
001810380 839055.30 1068746.32 3
001810385 839046.03 1068728.00 3
001810390 839038.58 1068681.31 3
001810391 839037.50 1068675.52 3
001810404 839039.43 1068635.55 3
001810407 839041.96 1068613.36 3
001810412 839042.64 1068591.58 3
001810024 839034.69 1068669.33 4
001810058 839097.74 1068787.35 4
001810368 839096.27 1068787.40 4
001810093 839224.53 1068771.42 4
001810094 839224.87 1068772.34 4
001810116 839192.10 1068895.72 4
001810117 839192.21 1068895.76 4
001810127 839180.37 1068937.69 4
001810244 839172.35 1068978.54 4
001810216 839175.69 1069032.36 4
001810190 839247.45 1069122.42 4
001810201 839190.75 1069076.04 4
001810204 839190.32 1069075.48 4
001810213 839175.29 1069048.34 4
001810237 839178.42 1068976.72 4
001810297 839249.83 1068754.99 4
001810337 839168.89 1068735.32 4
001810424 839254.45 1068757.16 3
001810438 839097.49 1068763.13 3
002190012 839246.94 1069156.96 3
002190020 839260.02 1069147.83 3
001410003 839479.89 1069638.04 3
001520005 839192.05 1068711.01 3
001520006 839187.63 1068707.33 3
001550012 839123.28 1068766.11 3
001570003 839178.26 1068704.76 3
001570005 839162.62 1068699.62 3
001760011 839609.46 1069674.14 3
001770034 839300.74 1068642.91 3
001770039 839302.94 1068649.09 3
001780007 839117.56 1068838.65 3
001870006 839054.81 1068786.35 3
000900005 838987.68 1069588.03 3
001110003 838999.56 1069575.90 3
001110007 839004.04 1069578.58 3
001130001 839034.88 1068900.97 3
001160002 839043.51 1069575.89 3
001170050 839176.56 1069176.32 3
001230002 839027.66 1069586.67 3
001400006 839312.33 1068747.29 3
001400007 839323.28 1068748.36 3
001560018 838994.08 1069024.48 3
000970003 839248.53 1069286.95 3
001750005 839113.62 1069280.13 3
001750024 839142.45 1069294.59 3
001750027 839069.54 1069334.19 3
001750028 839057.09 1069343.00 3
001690003 839005.63 1068809.02 3
001690009 839002.80 1068822.11 3
001730004 839010.26 1068463.33 3
001820005 839061.98 1068475.19 3
001820006 839066.27 1068474.92 3
001820010 839047.22 1068472.05 3
000780234 838399.04 1068295.48 3
000780235 838368.39 1068363.39 3
000780221 838136.11 1068227.19 3
000780238 838301.75 1068292.28 3
001035209 840345.79 1070399.12 3
001035211 840424.46 1070404.86 3
001740020 839416.28 1069676.82 3
001580042 839022.61 1068777.39 3
001580054 839019.80 1068779.21 3
001580058 839023.96 1068783.86 3
004020170 837859.54 1069297.68 3
001920031 839235.09 1069225.40 3
003660524 840189.16 1070433.75 3
003660334 840353.97 1070411.34 3
003603397 840430.06 1070386.07 3
003602684 840511.92 1070342.21 3
003602501 840363.22 1070335.71 3
001810004 839030.32 1068540.04 3
001810006 839029.37 1068540.27 3
001810033 839043.22 1068699.06 3
001810043 839064.78 1068768.53 3
001810045 839087.22 1068780.83 3
001810086 839203.50 1068735.68 3
001810087 839204.46 1068738.59 3
001810090 839219.67 1068756.35 3
001810091 839221.81 1068762.66 3
001810109 839206.26 1068873.26 3
001810110 839198.88 1068884.87 3
001810112 839193.24 1068895.40 3
001810158 839184.37 1069019.06 3
001810161 839176.85 1069027.90 3
001810166 839174.42 1069054.42 3
001810202 839190.93 1069075.91 3
001810203 839190.52 1069075.34 3
001810207 839176.84 1069058.54 3
001810217 839175.93 1069029.81 3
001810223 839188.25 1069019.55 3
001810234 839178.32 1068977.42 3
001810236 839179.07 1068976.71 3
001810240 839177.45 1068980.99 3
001810241 839178.37 1068984.78 3
001810242 839171.52 1068984.36 3
001810250 839184.25 1068927.64 3
001810305 839220.23 1068756.11 3
001810306 839216.68 1068749.04 3
001810313 839188.21 1068726.80 3
001810317 839171.63 1068732.96 3
001810324 839182.81 1068711.40 3
001810340 839168.12 1068736.31 3
001810360 839122.34 1068776.70 3
001810365 839102.77 1068780.83 3
001810369 839095.76 1068786.54 3
001810384 839046.39 1068733.88 3
001810387 839046.24 1068707.03 3
001810399 839042.24 1068673.80 3
001810013 839041.36 1068613.35 4
001810136 839173.21 1068968.17 4
001810145 839168.46 1069010.99 4
001810263 839226.02 1068842.55 4
001810281 839239.71 1068760.32 4
001810418 839036.45 1068561.05 4
001810423 839254.05 1068756.72 3
001810428 839123.97 1068775.58 3
001810440 839098.18 1068760.76 3
001810442 839103.82 1068761.44 3
002190016 839252.37 1069152.23 3
002190019 839253.11 1069150.89 3
000000501 839901.55 1069149.18 3
000000505 839369.72 1069414.80 3
000490050 840435.41 1070091.17 3
000490052 840476.51 1070173.42 3
001410014 839460.93 1069678.13 3
000950015 838446.80 1068298.24 3
000950031 838544.01 1068711.05 3
000950032 838578.29 1068754.12 3
000950040 838683.83 1068839.92 3
000950042 838728.84 1068866.01 3
000950045 838761.84 1068903.28 3
000950047 838807.66 1068945.61 3
000950050 838833.93 1068998.22 3
000950258 838220.23 1067864.08 3
001170012 839418.17 1068229.78 3
001170019 839006.75 1069134.43 3
001170035 839032.03 1069253.16 3
001280008 839219.73 1069145.00 3
001300036 838934.97 1069054.83 3
001300042 838857.58 1069064.31 3
001300046 838811.51 1069144.07 3
001450006 838996.19 1069077.56 3
001140010 840070.62 1070276.35 3
001140012 840041.20 1070279.58 3
001140014 840019.76 1070281.67 3
001140015 840036.38 1070306.96 3
001140029 840003.86 1070324.73 3
001060006 839912.90 1070365.86 3
001060016 839809.21 1070339.24 3
001070005 839535.34 1068129.32 3
001070012 839503.83 1068070.11 3
003660328 840361.54 1070334.70 3
001170011 839408.45 1068223.39 3
001410010 839543.94 1069627.26 3
001410012 839500.13 1069654.01 3
001410013 839472.86 1069671.09 3
001410037 839452.43 1069657.16 3
003590052 838085.91 1069571.90 3
001410038 839443.03 1069662.68 3
000690441 840481.86 1070338.99 3
000950002 838400.02 1068125.13 3
000950006 838418.03 1068152.47 3
000950013 838444.99 1068250.20 3
000950023 838444.27 1068443.65 3
000950024 838453.26 1068522.85 3
000950033 838613.19 1068778.35 3
000950055 838897.52 1069047.51 3
000950260 838285.44 1067925.17 3
001150007 839315.25 1068408.66 3
001150009 839259.39 1068421.87 3
001170002 839473.21 1068206.99 3
001170027 838873.61 1069219.91 3
001280023 839218.71 1069162.68 3
001300035 838969.68 1069049.54 3
001300040 838861.06 1069053.13 3
001360001 839179.88 1068717.73 3
001200002 839223.95 1068458.36 3
000780104 838182.55 1067856.04 3
000780106 838262.95 1067888.29 3
001140005 840225.88 1070316.25 3
001140007 840228.80 1070322.20 3
001140023 840013.75 1070311.70 3
001140030 840011.75 1070323.32 3
001140031 840020.48 1070321.36 3
001060007 839904.58 1070341.02 3
001060008 839903.52 1070339.39 3
001150002 839593.30 1068006.30 3
001150004 839538.42 1067976.65 3
003590096 837897.81 1069345.78 3
003590095 837883.59 1069336.92 3
000950004 838407.72 1068127.60 3
000950008 838429.82 1068196.98 3
000950014 838445.47 1068281.90 3
000950017 838436.59 1068383.91 3
000950020 838441.89 1068408.42 3
000950025 838456.83 1068520.70 3
000950036 838637.55 1068810.40 3
000950044 838738.49 1068886.23 3
000950046 838762.56 1068909.71 3
000950053 838853.52 1069036.80 3
000950056 838880.70 1069046.95 3
001150010 839255.21 1068418.60 3
001170008 839407.52 1068258.38 3
001170017 840117.48 1070079.25 3
001170021 838933.34 1069153.47 3
001170030 838894.87 1069242.78 3
001170034 838996.45 1069275.20 3
001210001 840406.33 1069994.12 3
001300039 838865.81 1069056.55 3
001300044 838839.55 1069101.00 3
001350002 839287.30 1068658.81 3
000780123 838426.75 1067673.32 3
001140008 840217.02 1070320.48 3
001140026 839983.13 1070292.88 3
001140027 839997.59 1070315.09 3
001140028 840000.34 1070319.32 3
001060004 839837.88 1070385.30 3
001060014 839827.36 1070321.96 3
001070010 839492.80 1068110.87 3
001070011 839502.32 1068089.45 3
000690442 840503.61 1070335.15 3
001070002 839572.41 1068049.87 3
001070013 839518.21 1068019.67 3
001150003 839584.66 1068026.59 3
001150005 839553.59 1067958.46 3
001170010 839437.14 1068183.71 3
000950234 838270.88 1067774.16 3
001300041 838852.87 1069062.71 3
001410040 839403.92 1069683.09 3
003590050 838042.54 1069513.27 3
003590054 837775.60 1069155.44 3
000950003 838392.22 1068103.79 3
000950011 838440.44 1068245.99 3
000950021 838437.95 1068402.89 3
000950029 838528.76 1068693.43 3
000950035 838639.04 1068806.83 3
000950038 838671.18 1068828.33 3
000950039 838686.42 1068837.32 3
000950041 838731.30 1068863.43 3
000950043 838741.16 1068883.58 3
000950048 838806.07 1068949.38 3
000950052 838839.75 1069020.49 3
000950054 838854.55 1069032.58 3
000950256 838131.24 1067817.00 3
001150006 839287.02 1068383.85 3
001170001 839451.04 1068193.09 3
001170015 840154.18 1070076.13 3
001170016 840135.16 1070082.41 3
001170022 838913.34 1069159.11 3
001170029 838885.06 1069238.48 3
001170032 838933.15 1069305.57 3
001170036 839072.66 1069210.63 3
001170039 839081.73 1069217.81 3
001170045 839128.26 1069194.25 3
001170046 839195.34 1069207.57 3
001170048 839130.84 1069256.70 3
001170053 839158.01 1069241.59 3
001210002 840342.75 1070012.80 3
001300043 838843.21 1069106.81 3
001300045 838832.38 1069117.33 3
000780229 838364.55 1068071.13 3
001140013 840031.80 1070279.87 3
001140018 840053.87 1070313.24 3
001140020 840076.62 1070311.21 3
001140021 840093.05 1070312.72 3
001140022 840086.90 1070302.75 3
001140024 839997.18 1070287.95 3
001140025 839990.37 1070290.28 3
001035198 840359.47 1070409.43 3
001035200 840344.42 1070406.95 3
001035202 840361.42 1070383.13 3
001060001 839768.89 1070362.69 3
001060010 839886.27 1070312.96 3
003660327 840360.53 1070326.30 3
003660331 840426.67 1070368.50 3
000490049 840431.33 1070091.95 3
000490051 840463.72 1070143.39 3
000490053 840490.21 1070216.82 3
001150012 839272.46 1068370.66 3
001410001 839525.62 1069605.97 3
003590049 838041.31 1069511.52 3
003590048 838135.31 1069640.84 3
003590097 837965.28 1069410.10 3
003590027 837847.37 1069277.65 3
001450001 838995.44 1069078.47 3
001450002 838962.02 1069058.65 3
001450004 838974.56 1069053.72 3
000950016 838443.23 1068298.35 3
000950022 838439.83 1068439.15 3
000950028 838526.02 1068695.70 3
000950037 838672.71 1068824.84 3
000950051 838843.89 1069018.25 3
000950061 838319.62 1067993.07 3
000950232 838296.39 1067773.05 3
000950236 838153.99 1067749.07 3
001170005 839448.64 1068238.60 3
001170013 840233.17 1070048.47 3
001170018 839032.05 1069125.36 3
001170026 838871.82 1069207.47 3
001170038 839079.61 1069196.76 3
001300037 838924.46 1069054.60 3
001360002 839180.20 1068708.79 3
000780122 838383.63 1067664.80 3
001140003 840223.08 1070310.53 3
001140009 840084.14 1070298.27 3
001140011 840058.10 1070277.73 3
001140016 840039.09 1070311.09 3
001140032 840016.65 1070315.86 3
001035201 840346.42 1070395.48 3
001035205 840348.43 1070330.77 3
001060002 839774.32 1070365.86 3
001060005 839839.88 1070390.91 3
001060019 839747.55 1070348.20 3
001070008 839494.36 1068125.61 3
003660526 840087.03 1070447.63 3
003660527 840358.60 1070410.83 3
003660325 840501.34 1070343.49 3
003660333 840398.27 1070406.37 3
003603107 840008.52 1070458.93 3
001070014 839532.12 1068027.13 3
000950259 838266.13 1067886.58 3
001410011 839529.99 1069635.56 3
003590051 838044.78 1069516.31 3
003590053 837767.93 1069149.07 3
001450003 838962.27 1069055.11 3
000950019 838440.91 1068391.69 3
000950049 838836.82 1068995.20 3
000950231 838362.61 1067757.59 3
000950235 838242.48 1067769.41 3
001150008 839288.83 1068444.82 3
001170007 839428.76 1068273.17 3
001170025 838866.09 1069194.94 3
001170043 839099.57 1069231.94 3
001170051 839197.61 1069211.35 3
001170052 839177.71 1069226.42 3
001210003 840388.53 1070119.49 3
001280015 839200.71 1069185.44 3
001300038 838883.00 1069053.68 3
000780228 838303.42 1067973.45 3
001140002 840205.33 1070297.38 3
001035199 840362.45 1070396.89 3
001060012 839855.35 1070323.64 3
001060017 839797.64 1070346.16 3
003660369 839956.55 1070466.35 3
000490054 840504.82 1070277.18 3
001150001 839607.19 1067981.67 3
001150011 839238.76 1068405.78 3
003590026 837849.79 1069281.77 3
000950005 838411.63 1068150.23 3
000950007 838420.74 1068175.87 3
000950009 838426.69 1068199.44 3
000950010 838443.47 1068243.79 3
000950012 838441.76 1068281.81 3
000950026 838458.47 1068563.72 3
000950030 838576.55 1068757.53 3
000950255 838144.61 1067774.77 3
001170003 839463.48 1068214.44 3
001170006 839439.54 1068256.33 3
001170009 839447.00 1068190.36 3
001170014 840181.77 1070066.02 3
001170020 838962.23 1069145.84 3
001170023 838899.14 1069165.41 3
001170031 838896.39 1069245.27 3
001170033 838935.64 1069309.98 3
001170041 839113.29 1069191.28 3
001170047 839148.49 1069268.50 3
001170049 839102.50 1069234.26 3
001280009 839217.28 1069148.77 3
001450005 838962.24 1069055.44 3
000780156 838357.98 1067853.57 3
000780157 838383.08 1067666.40 3
001140001 840217.88 1070299.92 3
001140017 840042.33 1070316.02 3
001035203 840360.86 1070355.74 3
001060003 839796.49 1070404.57 3
001060009 839900.66 1070335.01 3
001060011 839875.64 1070317.17 3
001060015 839829.96 1070325.76 3
001340002 839060.11 1069526.78 3
001070004 839548.01 1068098.48 3
001070007 839498.37 1068128.26 3
001070009 839483.12 1068118.17 3
003660521 840455.87 1070337.94 3
002860001 838152.52 1069661.90 3
001070001 839538.40 1068030.48 3
001410039 839429.05 1069670.35 3
001200003 839206.20 1068440.17 3
000950018 838440.78 1068374.42 3
000950027 838462.56 1068564.01 3
000950034 838610.36 1068780.53 3
000950059 838316.58 1067994.47 3
000950062 838330.85 1068007.77 3
000950233 838286.21 1067774.49 3
000950257 838183.19 1067852.73 3
000950261 838310.34 1067978.40 3
001150013 839283.56 1068380.72 3
001170004 839454.63 1068225.96 3
001170024 838858.06 1069183.79 3
001170040 839081.59 1069184.41 3
001170042 839124.70 1069193.55 3
001170044 839085.42 1069220.73 3
001170054 839158.16 1069263.38 3
001210004 840431.90 1070220.58 3
001200001 839197.63 1068488.20 3
000780158 838367.88 1067904.38 3
000780105 838212.87 1067865.00 3
001140019 840060.90 1070311.69 3
001035195 840340.08 1070412.98 3
001035204 840350.51 1070349.53 3
001060013 839835.60 1070322.59 3
001060018 839775.68 1070350.45 3
001340001 839077.22 1069556.39 3
001070003 839558.90 1068071.01 3
001070006 839528.69 1068148.31 3
